nan nan
-122.003158	49.185851
-122.009025	49.182917
-122.014599	49.179104
-122.019586	49.17617
-122.025159	49.172943
-122.031026	49.169423
-122.03572	49.166196
-122.04188	49.162382
-122.047454	49.160329
-122.053321	49.157102
-122.060068	49.155048
-122.066522	49.152408
-122.073269	49.150355
-122.08119	49.148888
-122.088524	49.147128
-122.095271	49.145074
-122.103778	49.144194
-122.109352	49.142434
-122.119033	49.143314
-122.125193	49.143021
-122.133994	49.142141
-122.144261	49.143021
-122.153649	49.143021
-122.162156	49.141261
-122.168023	49.139207
-122.17477	49.136861
-122.180344	49.135394
-122.187091	49.132754
-122.193545	49.1307
-122.201172	49.129233
-122.210559	49.129233
-122.217013	49.129527
-122.224054	49.1307
-122.229041	49.13158
-122.228454	49.130993
-122.231387	49.131873
-122.236374	49.133047
-122.245468	49.13422
-122.254269	49.133634
-122.261896	49.131287
-122.26659	49.12806
-122.273337	49.125713
-122.279791	49.125126
-122.288298	49.124246
-122.296219	49.122486
-122.302673	49.120139
-122.308246	49.117206
-122.314113	49.114272
-122.320861	49.111925
-122.328488	49.110165
-122.334942	49.109579
-122.341102	49.109872
-122.350489	49.111339
-122.354303	49.114272
-122.359877	49.117499
-122.36369	49.121019
-122.369557	49.125126
-122.374251	49.12806
-122.377771	49.130993
-122.382465	49.134807
-122.387159	49.138621
-122.390679	49.143021
-122.395373	49.146541
-122.400066	49.149768
-122.40388	49.152702
-122.408573	49.155929
-122.414441	49.158275
-122.421481	49.161796
-122.427348	49.164142
-122.433215	49.165316
-122.442896	49.165903
-122.449936	49.167076
-122.45903	49.168249
-122.467831	49.167369
-122.477218	49.167369
-122.485726	49.166783
-122.494526	49.165903
-122.503034	49.165023
-122.50186	49.164436
-122.505087	49.165316
-122.513301	49.165903
-122.521808	49.166489
-122.528849	49.167369
-122.536183	49.168543
-122.543223	49.17001
-122.550557	49.171183
-122.556717	49.17265
-122.562585	49.174703
-122.567572	49.17705
-122.571385	49.178517
-122.573439	49.179397
-122.577252	49.182624
-122.579892	49.184677
-122.582239	49.189664
-122.58576	49.194065
-122.589573	49.198465
-122.594267	49.202279
-122.597787	49.205212
-122.604828	49.207852
-122.614215	49.209026
-122.624776	49.209026
-122.631229	49.207559
-122.638857	49.205799
-122.644724	49.202865
-122.651471	49.200518
-122.657045	49.197585
-122.662912	49.194358
-122.668485	49.191424
-122.674059	49.188198
-122.679926	49.185264
-122.686673	49.183504
-122.694301	49.182037
-122.702808	49.181157
-122.710729	49.182917
-122.717769	49.185557
-122.722463	49.189371
-122.725983	49.193478
-122.729503	49.198758
-122.73449	49.201985
-122.738891	49.206386
-122.743584	49.209319
-122.748278	49.213133
-122.755612	49.215479
-122.763532	49.217533
-122.77292	49.219586
-122.782307	49.21988
-122.788467	49.220467
-122.789347	49.220467
-122.788467	49.219586
-122.790521	49.21988
-122.796975	49.220173
-122.806362	49.220173
-122.815749	49.220173
-122.82455	49.219586
-122.831884	49.219293
-122.840391	49.218413
-122.850072	49.218413
-122.856526	49.216653
-122.862686	49.21636
-122.86826	49.214599
-122.87618	49.212546
-122.881461	49.211373
-122.882634	49.210786
-122.881754	49.209906
-122.882634	49.209906
-122.882634	49.210786
-122.881754	49.209906
-122.882634	49.210786
-122.881754	49.210786
-122.882634	49.210786
-122.885861	49.210199
-122.891435	49.208732
-122.897302	49.205505
-122.902876	49.202572
-122.907863	49.198465
-122.911383	49.195238
-122.914903	49.191424
-122.918717	49.187611
-122.923704	49.182917
-122.926344	49.179104
-122.931038	49.17529
-122.935145	49.17089
-122.938665	49.167076
-122.943359	49.163556
-122.949226	49.160622
-122.953919	49.156809
-122.960666	49.153875
-122.96712	49.152115
-122.974747	49.150648
-122.982961	49.151235
-122.991175	49.153582
-122.998216	49.154755
-123.00555	49.155929
-123.013177	49.155929
-123.019337	49.155635
-123.025791	49.154462
-123.030191	49.153288
-123.036939	49.151235
-123.040459	49.147128
-123.041632	49.147128
-123.041632	49.146541
nan nan
-126.227461	50.00519
-126.226581	50.004016
-126.227461	50.00519
-126.228634	50.004603
-126.229221	49.999029
-126.230688	49.994335
-126.231568	49.992575
-126.236262	49.987882
-126.240075	49.983481
-126.243302	49.980548
-126.247996	49.976441
-126.250636	49.972627
-126.251809	49.969107
-126.251223	49.96412
-126.249463	49.958546
-126.245649	49.953559
-126.242422	49.950919
-126.237435	49.947105
-126.233621	49.943585
-126.227461	49.940945
-126.222474	49.937131
-126.21602	49.934198
-126.211033	49.930677
-126.207219	49.926277
-126.203406	49.92217
-126.199299	49.91777
-126.195485	49.913663
-126.191672	49.908676
-126.189032	49.904569
-126.185805	49.900169
-126.183164	49.895182
-126.181404	49.890488
-126.178471	49.885501
-126.175831	49.880514
-126.172897	49.877287
-126.169963	49.873473
-126.165857	49.8723
-126.16175	49.869073
-126.156763	49.86702
-126.151482	49.864673
-126.144148	49.863793
-126.137695	49.863499
-126.128014	49.863793
-126.1198	49.862326
-126.114813	49.859392
-126.113933	49.857339
-126.110706	49.852939
-126.106892	49.847952
-126.103079	49.844431
-126.099265	49.842084
-126.093105	49.839444
-126.088998	49.837097
-126.082837	49.833577
-126.079904	49.82947
-126.07609	49.824483
-126.074037	49.820963
-126.071396	49.815976
-126.069636	49.810696
-126.068463	49.804242
-126.067583	49.798668
-126.063476	49.794561
-126.058489	49.791334
-126.054675	49.788107
-126.051742	49.784587
-126.052622	49.777547
-126.052915	49.769919
-126.052622	49.764346
-126.049395	49.762292
-126.047635	49.758185
-126.044701	49.754665
-126.043821	49.750558
-126.045288	49.747918
-126.048515	49.745278
-126.052328	49.742637
-126.058782	49.73941
-126.065236	49.738824
-126.069343	49.73765
-126.074037	49.733543
-126.077557	49.730316
-126.081957	49.727676
-126.088704	49.725329
-126.096332	49.722689
-126.099558	49.721809
-126.101905	49.719462
-126.103079	49.716822
-126.104839	49.710955
-126.105132	49.703915
-126.104839	49.699221
-126.105132	49.69218
-126.105426	49.687487
-126.108066	49.681913
nan nan
-125.587362	50.009003
-125.594402	50.011057
-125.600563	50.014283
-125.606723	50.017217
-125.61171	50.020151
-125.61699	50.023084
-125.623151	50.026018
-125.629898	50.029831
-125.635178	50.032765
-125.641339	50.035698
-125.644566	50.037752
-125.649259	50.042152
-125.653073	50.046259
-125.655127	50.050073
-125.656593	50.05418
-125.659527	50.059167
-125.662167	50.06386
-125.662754	50.070314
-125.660994	50.076475
-125.65982	50.079702
-125.655127	50.082928
-125.651606	50.087035
-125.648966	50.092316
-125.649553	50.097303
-125.65102	50.102877
-125.6519	50.106103
-125.654833	50.11109
-125.6563	50.116664
-125.65894	50.121651
-125.66158	50.127225
-125.66334	50.131919
-125.666274	50.135439
-125.668914	50.140426
-125.673021	50.143359
-125.679182	50.146293
-125.684169	50.150107
-125.689156	50.154507
-125.692969	50.157734
-125.697076	50.162134
-125.69737	50.167708
-125.700303	50.172402
-125.702943	50.177389
-125.70705	50.181789
-125.710864	50.186189
-125.712917	50.187069
-125.717024	50.189709
-125.723185	50.192643
-125.728465	50.196457
-125.732279	50.200564
-125.734919	50.205551
-125.737559	50.211124
-125.738146	50.216698
-125.740786	50.221392
-125.744893	50.224325
-125.74988	50.227259
-125.75428	50.230192
-125.756921	50.233126
-125.759854	50.238113
-125.765134	50.241633
-125.771002	50.245153
-125.778335	50.246914
-125.783909	50.246327
-125.784789	50.246327
-125.785963	50.24662
-125.792416	50.245447
-125.801217	50.244567
-125.808551	50.24398
-125.816178	50.24486
-125.824392	50.24662
-125.826739	50.248087
-125.829672	50.25014
-125.832606	50.255127
-125.833193	50.260114
-125.832606	50.265688
-125.835246	50.270382
-125.83906	50.274782
-125.842287	50.276542
-125.847567	50.279183
-125.852554	50.281529
-125.859888	50.283583
-125.867222	50.28593
-125.873676	50.288276
-125.879836	50.29209
-125.885703	50.29473
-125.89069	50.298251
-125.893624	50.303238
-125.895677	50.307051
-125.895384	50.310278
-125.896851	50.314385
-125.898904	50.317319
-125.902718	50.320252
-125.910345	50.322599
-125.918559	50.324066
-125.923839	50.327879
-125.924426	50.3314
-125.920026	50.333746
-125.917679	50.335213
-125.918852	50.334333
-125.917679	50.335213
-125.914452	50.334333
-125.909171	50.334626
-125.905945	50.334626
-125.905945	50.335213
-125.905945	50.33668
-125.906531	50.3402
-125.908291	50.34372
-125.907998	50.345774
-125.905945	50.348414
-125.902131	50.353108
-125.902718	50.359562
-125.904478	50.364255
-125.908291	50.367189
-125.913572	50.370709
-125.919732	50.373643
-125.922666	50.375403
-125.927946	50.376576
-125.928826	50.378043
-125.932346	50.378923
-125.939387	50.38127
-125.944667	50.383617
-125.950828	50.386257
-125.953761	50.387137
-125.953175	50.387724
-125.953175	50.387137
nan nan
-122.63651	49.351009
-122.63739	49.350423
-122.642084	49.349542
-122.646484	49.346902
-122.650004	49.343675
-122.652644	49.339862
-122.655578	49.335755
-122.658218	49.331061
-122.659978	49.327248
-122.664085	49.321967
-122.667899	49.318154
-122.672886	49.314047
-122.676699	49.309646
-122.676993	49.307006
-122.677579	49.302899
-122.675819	49.299966
-122.675526	49.296445
-122.675819	49.294392
-122.676113	49.291165
-122.680806	49.288525
-122.683447	49.285885
-122.686967	49.282658
-122.69078	49.279431
-122.695474	49.27503
-122.699581	49.27063
-122.702221	49.265936
-122.707208	49.261243
-122.711902	49.258309
-122.716596	49.254496
-122.722463	49.251269
-122.72921	49.248922
-122.733904	49.245402
-122.739771	49.242175
-122.745638	49.239241
-122.750331	49.235134
-122.757079	49.232201
-122.760599	49.229854
-122.766466	49.226627
-122.766466	49.22604
-122.768813	49.224867
-122.769986	49.22428
-122.77468	49.219586
-122.774973	49.219
nan nan
-122.918423	49.197878
-122.91725	49.197292
-122.919303	49.197292
-122.928984	49.197292
-122.934265	49.196998
-122.940718	49.195825
-122.947172	49.194065
-122.951572	49.192598
-122.95744	49.189371
-122.962133	49.185557
-122.965653	49.183504
-122.974161	49.182917
-122.980615	49.183211
-122.988535	49.185264
-122.992642	49.186731
-122.998509	49.188491
-123.004376	49.191718
-123.010243	49.194651
-123.017577	49.197292
-123.025498	49.199932
-123.032538	49.201692
-123.043099	49.202572
-123.053366	49.203159
-123.063047	49.202865
-123.072434	49.202865
-123.081235	49.201398
-123.088569	49.200225
-123.097956	49.200225
-123.106757	49.199345
-123.112037	49.199052
-123.119371	49.198758
-123.125532	49.199052
-123.134039	49.198465
-123.133159	49.198465
-123.134039	49.198465
nan nan
-122.006971	45.623648
-122.014012	45.621595
-122.022519	45.621008
-122.03044	45.620421
-122.03748	45.618661
-122.044521	45.616608
-122.051268	45.615141
-122.058308	45.612208
-122.064175	45.610154
-122.070043	45.607807
-122.076203	45.604874
-122.08295	45.603407
-122.089991	45.601353
-122.098791	45.5993
-122.104658	45.598126
-122.111699	45.596366
-122.120499	45.5949
-122.12754	45.59402
-122.135167	45.592846
-122.142208	45.590793
-122.149248	45.589033
-122.155115	45.586099
-122.163036	45.584339
-122.170076	45.581699
-122.176824	45.579645
-122.183571	45.577885
-122.190611	45.576125
-122.197358	45.574658
-122.205279	45.573485
-122.212319	45.571725
-122.219067	45.568791
-122.226107	45.567911
-122.234028	45.566738
-122.242828	45.566151
-122.252509	45.566444
-122.26219	45.566444
-122.27187	45.566738
-122.279791	45.567911
-122.286538	45.569671
-122.294459	45.571138
-122.302086	45.573191
-122.308833	45.574951
-122.31558	45.577298
-122.322327	45.579352
-122.329074	45.581405
-122.335822	45.584339
-122.342569	45.586686
-122.349316	45.588152
-122.358117	45.589033
-122.366917	45.590499
-122.375424	45.589913
-122.383638	45.589033
-122.392146	45.588446
-122.40036	45.586392
-122.406813	45.584926
-122.417081	45.585219
-122.425588	45.586979
-122.432335	45.589033
-122.438202	45.591086
-122.444656	45.593433
-122.452577	45.595486
-122.459324	45.596953
-122.466951	45.598713
-122.475752	45.5993
-122.484846	45.60018
-122.491299	45.602527
-122.498047	45.60458
-122.503914	45.606927
-122.509781	45.609861
-122.517115	45.611914
-122.524155	45.614261
-122.532662	45.615141
-122.541756	45.615728
-122.550557	45.615141
-122.559064	45.614848
-122.569038	45.615141
-122.577839	45.614554
-122.58752	45.614554
-122.59632	45.613968
-122.605414	45.614848
-122.613922	45.615434
-122.622722	45.615728
-122.631523	45.616608
-122.63915	45.618075
-122.647951	45.618955
-122.656751	45.619835
-122.664379	45.621301
-122.672299	45.622768
-122.679046	45.625702
-122.68462	45.628635
-122.690487	45.631276
-122.696354	45.634209
-122.701048	45.637729
-122.705741	45.64125
-122.710435	45.64477
-122.715422	45.64829
-122.720409	45.65181
-122.72569	45.655331
-122.73097	45.657971
-122.735664	45.661784
-122.739184	45.665891
-122.743878	45.669998
-122.746811	45.674985
-122.749451	45.679092
-122.751505	45.684373
-122.752091	45.690826
-122.751798	45.697574
-122.751798	45.704321
-122.752385	45.711361
-122.752091	45.717522
-122.752678	45.724562
-122.754732	45.729256
-122.756492	45.73483
-122.755318	45.741577
-122.755025	45.748324
-122.754732	45.755364
-122.753558	45.761525
-122.752385	45.767392
-122.752091	45.774432
-122.752972	45.780593
-122.754732	45.786167
-122.757372	45.791154
-122.762359	45.795261
-122.766172	45.798488
-122.769693	45.803475
-122.772626	45.808462
-122.774386	45.813449
-122.776147	45.819022
-122.777027	45.824889
-122.778493	45.830463
-122.778493	45.83721
-122.77732	45.843664
-122.776147	45.850411
-122.7738	45.855692
-122.773506	45.862732
-122.773506	45.869479
-122.774093	45.875933
-122.776147	45.881213
-122.777907	45.886787
-122.779667	45.892361
-122.7826	45.897348
-122.784067	45.902922
-122.784947	45.908789
-122.786707	45.914363
-122.788467	45.919936
-122.790228	45.925217
-122.791988	45.93167
-122.793748	45.937244
-122.794628	45.942818
-122.796388	45.948098
-122.798148	45.953672
-122.799908	45.959246
-122.800788	45.965406
-122.801668	45.97098
-122.804309	45.97626
-122.806949	45.981247
-122.810762	45.985648
-122.816629	45.988875
-122.822497	45.991808
-122.828364	45.994742
-122.834231	45.997088
-122.838924	46.000315
-122.844791	46.003249
-122.848605	46.007356
-122.852125	46.011756
-122.853005	46.01821
-122.852712	46.024664
-122.854766	46.030824
-122.857406	46.036398
-122.860339	46.040505
-122.862979	46.045199
-122.865913	46.050186
-122.86738	46.055759
-122.869433	46.061333
-122.871193	46.066613
-122.875007	46.07072
-122.878821	46.075414
-122.881754	46.079521
-122.886448	46.083628
-122.890261	46.086855
-122.893782	46.091255
-122.898475	46.095362
-122.902582	46.098882
-122.908449	46.102403
-122.913143	46.105336
-122.91901	46.107976
-122.923997	46.11179
-122.929864	46.11443
-122.934558	46.117657
-122.940132	46.120884
-122.945999	46.123524
-122.952746	46.125871
-122.959786	46.127925
-122.966534	46.130858
-122.974454	46.132325
-122.982081	46.133498
-122.990002	46.135258
-122.997042	46.136725
-123.00467	46.138192
-123.01259	46.139659
-123.019337	46.142006
-123.026084	46.144646
-123.031072	46.147579
-123.036939	46.150219
-123.041632	46.154033
-123.046326	46.15726
-123.05014	46.16166
-123.054247	46.166354
-123.056887	46.170461
-123.06158	46.174275
-123.066567	46.178381
-123.071261	46.181022
-123.077128	46.183955
-123.082995	46.186595
-123.088862	46.189529
-123.098543	46.189822
-123.106757	46.188356
-123.113504	46.186302
-123.122598	46.185715
-123.130225	46.188062
-123.138146	46.189529
-123.144893	46.191582
-123.15076	46.194516
-123.163668	46.195396
nan nan
-122.096151	43.418797
-122.103778	43.420557
-122.110232	43.423197
-122.116686	43.425544
-122.123433	43.427891
-122.129593	43.429944
-122.136341	43.432291
-122.142794	43.434931
-122.148368	43.437278
-122.155115	43.439918
-122.160689	43.442265
-122.165969	43.444905
-122.171543	43.448132
-122.177117	43.450772
-122.182691	43.453706
-122.188264	43.456346
-122.193838	43.459573
-122.199412	43.4628
-122.204105	43.46544
-122.209679	43.468667
-122.21408	43.471894
-122.219653	43.475414
-122.224347	43.478348
-122.229921	43.481868
-122.233734	43.485682
-122.238135	43.488322
-122.243708	43.491549
-122.249282	43.494776
-122.253976	43.497416
-122.259549	43.501229
-122.26571	43.503869
-122.272457	43.506216
-122.279204	43.50739
-122.287418	43.50827
-122.296805	43.508563
-122.305606	43.507976
-122.314113	43.50739
-122.320861	43.50563
-122.327608	43.503869
-122.335235	43.501816
-122.341982	43.500643
-122.349316	43.499469
-122.358117	43.498296
-122.36545	43.497709
-122.375131	43.497709
-122.381585	43.500056
-122.387159	43.502696
-122.391559	43.50651
-122.395666	43.510617
-122.399186	43.514724
-122.402706	43.518831
-122.40652	43.522938
-122.41004	43.527338
-122.412387	43.533205
-122.414147	43.538192
-122.415907	43.543766
-122.417374	43.549046
-122.419428	43.55462
-122.422068	43.559607
-122.423535	43.564887
-122.425295	43.570461
-122.426175	43.576621
-122.426761	43.582782
-122.428228	43.589236
-122.429108	43.595396
-122.430868	43.601263
-122.430575	43.606837
-122.429402	43.613584
-122.429108	43.620625
-122.427935	43.626785
-122.425001	43.631479
-122.422068	43.636172
-122.418841	43.640866
-122.415907	43.646146
-122.413854	43.65084
-122.41092	43.656414
-122.407693	43.660227
-122.40564	43.665801
-122.403586	43.671081
-122.401533	43.676655
-122.398306	43.681349
-122.396253	43.686923
-122.396253	43.69367
-122.396546	43.700417
-122.398306	43.705991
-122.40036	43.710978
-122.402706	43.715671
-122.404467	43.720658
-122.407987	43.724765
-122.4118	43.729459
-122.415614	43.732979
-122.420014	43.7365
-122.425588	43.739433
-122.432335	43.741487
-122.439669	43.742953
-122.44847	43.74442
-122.455804	43.7453
-122.465191	43.745594
-122.474578	43.745887
-122.481325	43.747647
-122.486019	43.751461
-122.488659	43.756448
-122.490419	43.761728
-122.492179	43.767302
-122.49482	43.771995
-122.49746	43.777569
-122.49922	43.782556
-122.50274	43.786663
-122.507434	43.79077
-122.511248	43.794877
-122.515648	43.798397
-122.520342	43.801331
-122.525915	43.804851
-122.531489	43.807491
-122.537356	43.809838
-122.543517	43.812478
-122.550264	43.815412
-122.555837	43.817759
-122.561411	43.820692
-122.566105	43.823919
-122.571679	43.826559
-122.576372	43.830373
-122.581946	43.833013
-122.58664	43.83712
-122.59016	43.840934
-122.593973	43.844161
-122.598667	43.847681
-122.603361	43.851494
-122.609815	43.853255
-122.615682	43.856481
-122.621842	43.858242
-122.628589	43.860588
-122.634163	43.863522
-122.639737	43.867042
-122.645604	43.869096
-122.650004	43.872616
-122.655871	43.87555
-122.661445	43.878776
-122.664965	43.88259
-122.669659	43.886697
-122.673473	43.889924
-122.677873	43.893737
-122.68374	43.897258
-122.68814	43.899898
-122.694594	43.902831
-122.701341	43.905472
-122.708968	43.907818
-122.713662	43.909285
-122.720996	43.910752
-122.728623	43.913099
-122.73537	43.914566
-122.741824	43.916619
-122.749451	43.918086
-122.757079	43.920139
-122.764706	43.921606
-122.772333	43.923366
-122.779667	43.924246
-122.787294	43.92542
-122.793748	43.927767
-122.799322	43.9307
-122.804309	43.93422
-122.809002	43.937447
-122.812522	43.941554
-122.818096	43.944488
-122.823963	43.947128
-122.829537	43.950355
-122.835991	43.952995
-122.840685	43.955929
-122.845378	43.959449
-122.849192	43.963556
-122.851539	43.968836
-122.852419	43.97441
-122.856232	43.978517
-122.861806	43.98145
-122.8665	43.984971
-122.871193	43.988198
-122.875887	43.992011
-122.881461	43.994651
-122.886154	43.998758
-122.889675	44.002572
-122.894368	44.005799
-122.899062	44.009319
-122.902876	44.013719
-122.906396	44.017826
-122.91109	44.021053
-122.915783	44.024867
-122.920477	44.028094
-122.926051	44.031027
-122.932798	44.033081
-122.940132	44.034841
-122.947759	44.036014
-122.956266	44.035428
-122.965067	44.035134
-122.973574	44.034548
-122.982081	44.033961
-122.990882	44.034841
-122.998216	44.036014
-123.002909	44.040415
-123.007897	44.043935
-123.011417	44.048042
-123.017284	44.050975
-123.023738	44.053029
-123.030191	44.055376
-123.036939	44.057136
-123.043686	44.059483
-123.05014	44.061536
-123.056593	44.06447
-123.06246	44.066523
-123.069208	44.069457
-123.074781	44.072097
-123.079475	44.07503
-123.085049	44.077671
-123.090916	44.080604
-123.094436	44.084711
-123.097956	44.088818
-123.097663	44.095859
-123.093849	44.100552
-123.089156	44.104366
-123.085049	44.107886
-123.084169	44.114047
-123.086809	44.119327
-123.089449	44.123727
-123.092969	44.128714
-123.095903	44.132821
-123.099716	44.136928
-123.102357	44.141622
-123.10617	44.145729
-123.10705	44.151889
-123.106757	44.15893
-123.107637	44.16509
-123.10793	44.171837
-123.109984	44.176531
-123.112917	44.181518
-123.114384	44.186799
-123.118198	44.191199
-123.122011	44.195306
-123.126705	44.198533
-123.131399	44.202346
-123.134919	44.206453
-123.137853	44.21056
-123.137559	44.217307
-123.135506	44.222881
-123.134332	44.228748
-123.136092	44.234322
-123.139026	44.239309
-123.140493	44.244589
-123.142546	44.250163
-123.144893	44.255737
-123.146946	44.261017
-123.148707	44.266591
-123.150467	44.272165
-123.153107	44.276858
-123.156921	44.280965
-123.161614	44.285366
-123.166308	44.288006
-123.171882	44.291526
-123.177455	44.29446
-123.182149	44.29798
-123.184202	44.302673
-123.183909	44.309714
-123.182736	44.315874
-123.185669	44.321448
-123.18919	44.324675
-123.193883	44.327609
-123.19975	44.331129
-123.204151	44.333769
-123.210018	44.337289
-123.211778	44.342276
-123.212365	44.348437
-123.210604	44.353717
-123.206791	44.358704
-123.20239	44.362518
-123.203271	44.368092
-123.207964	44.371318
-123.213831	44.374252
-123.215591	44.379826
-123.211778	44.383933
-123.206791	44.38716
-123.202684	44.391267
-123.20239	44.398014
-123.203271	44.404174
-123.205324	44.409748
-123.207084	44.415908
-123.206791	44.422362
-123.203857	44.427642
-123.200924	44.431749
-123.196817	44.435563
-123.19183	44.440257
-123.188896	44.444364
-123.186843	44.449644
-123.186549	44.456685
-123.186256	44.463725
-123.187136	44.469592
-123.187136	44.476633
-123.187723	44.482793
-123.188603	44.488954
-123.190656	44.495114
-123.191243	44.500688
-123.19183	44.506555
-123.194763	44.512129
-123.195643	44.517702
-123.196523	44.523863
-123.19623	44.530903
-123.19799	44.536184
-123.19975	44.541757
-123.203564	44.545864
-123.206497	44.549971
-123.210898	44.553492
-123.215591	44.557012
-123.221459	44.559652
-123.226152	44.563466
-123.228792	44.568159
-123.228499	44.574906
-123.225565	44.5796
-123.219698	44.58312
-123.213831	44.585467
-123.207084	44.587814
-123.20063	44.589867
-123.19271	44.590748
-123.185963	44.592214
-123.178042	44.593388
-123.170415	44.595148
-123.166308	44.599548
-123.166308	44.605415
-123.168068	44.610989
-123.168948	44.617149
-123.167775	44.62331
-123.165428	44.628884
-123.162788	44.633577
-123.158681	44.637391
-123.152814	44.640324
-123.146946	44.642965
-123.140199	44.645018
-123.131399	44.645605
-123.122891	44.646191
-123.113211	44.645898
-123.104703	44.645898
-123.097076	44.647072
-123.090036	44.648832
-123.082115	44.650885
-123.075661	44.652645
-123.068621	44.655579
-123.062754	44.657632
-123.05806	44.660859
-123.053073	44.664086
-123.05014	44.66878
-123.051606	44.674354
-123.057473	44.678167
-123.062167	44.680807
-123.068914	44.682861
-123.075661	44.684914
-123.081235	44.687848
-123.087982	44.689901
-123.094436	44.692835
-123.100303	44.694888
-123.10705	44.697822
-123.112917	44.700462
-123.117611	44.704276
-123.122011	44.708383
-123.124652	44.71249
-123.127585	44.717183
-123.128465	44.723344
-123.127292	44.729504
-123.125238	44.735078
-123.121131	44.739772
-123.118198	44.744465
-123.114091	44.747692
-123.109104	44.751212
-123.103237	44.754439
-123.098543	44.757079
-123.092676	44.759133
-123.085929	44.762066
-123.081822	44.76588
-123.083582	44.771454
-123.089449	44.774094
-123.097956	44.774387
-123.103823	44.771747
-123.10969	44.769107
-123.118198	44.768227
-123.122305	44.772627
-123.122011	44.779374
-123.119958	44.785535
-123.117024	44.790228
-123.112917	44.793749
-123.107344	44.796389
-123.100303	44.798442
-123.092383	44.799616
-123.085929	44.800789
-123.079768	44.803723
-123.075955	44.807536
-123.071848	44.811643
-123.069794	44.816924
-123.071554	44.822497
-123.076248	44.826018
-123.082995	44.828365
-123.089742	44.830418
-123.09825	44.831885
-123.10793	44.831885
-123.116731	44.830711
-123.125238	44.830711
-123.134039	44.831591
-123.139613	44.834525
-123.14548	44.837165
-123.150173	44.840979
-123.155747	44.843619
-123.159854	44.847726
-123.160441	44.853886
-123.158387	44.85946
-123.156334	44.864741
-123.151347	44.868847
-123.14548	44.870901
-123.137853	44.872368
-123.129052	44.872661
-123.122305	44.875301
-123.119078	44.879995
-123.117318	44.885569
-123.114091	44.890262
-123.111157	44.895836
-123.10881	44.90053
-123.105877	44.905223
-123.10265	44.909917
-123.098836	44.914611
-123.095023	44.919011
-123.091209	44.922238
-123.086222	44.926052
-123.081822	44.929572
-123.078008	44.932212
-123.073021	44.935439
-123.068328	44.938959
-123.06334	44.942186
-123.058353	44.945413
-123.052486	44.948347
-123.047499	44.951573
-123.041632	44.954214
-123.035765	44.956854
-123.029898	44.959787
-123.023151	44.962721
-123.018164	44.965654
-123.012297	44.968881
-123.00907	44.972108
-123.00907	44.979149
-123.014644	44.982669
-123.019337	44.985603
-123.025204	44.988243
-123.031072	44.99059
-123.036645	44.99323
-123.042512	44.996163
-123.048086	44.998803
-123.05278	45.002617
-123.057473	45.005844
-123.061287	45.009951
-123.062167	45.016991
-123.061874	45.023152
-123.06158	45.029899
-123.0607	45.036059
-123.059527	45.04222
-123.057473	45.047794
-123.056007	45.053954
-123.053073	45.058648
-123.049259	45.063341
-123.047206	45.068035
-123.044272	45.073609
-123.041046	45.078303
-123.038112	45.082996
-123.035765	45.08769
-123.031952	45.09297
-123.029018	45.097077
-123.025791	45.102064
-123.020804	45.105291
-123.015817	45.108518
-123.00995	45.111452
-123.002323	45.112625
-122.993229	45.112918
-122.983841	45.112918
-122.978854	45.116439
-122.974747	45.120546
-122.973574	45.126706
-122.973281	45.133453
-122.976214	45.139027
-122.978854	45.143134
-122.982668	45.147241
-122.986482	45.151348
-122.990295	45.155455
-122.992055	45.161028
-122.990882	45.167189
-122.985895	45.170416
-122.980908	45.173936
-122.978854	45.17951
-122.981788	45.185084
-122.984428	45.18919
-122.989122	45.193297
-122.992055	45.196524
-122.997922	45.199458
-123.004376	45.201805
-123.012003	45.203858
-123.018751	45.205325
-123.024324	45.208845
-123.028431	45.212365
-123.029898	45.217646
-123.026965	45.22322
-123.023151	45.22674
-123.017284	45.22938
-123.010243	45.23202
-123.002616	45.233194
-122.994696	45.23378
-122.985895	45.234367
-122.977094	45.234954
-122.969467	45.236127
-122.96536	45.240234
-122.965067	45.246981
-122.968	45.251968
-122.97064	45.256662
-122.972401	45.262236
-122.971521	45.268396
-122.968294	45.27309
-122.963307	45.276317
-122.956266	45.27925
-122.949519	45.280424
-122.939838	45.280424
-122.931918	45.278664
-122.924584	45.277197
-122.917837	45.275143
-122.908743	45.273677
-122.902289	45.27221
-122.894368	45.269863
-122.887915	45.268396
-122.881167	45.265463
-122.873247	45.264289
-122.86562	45.263409
-122.855939	45.263116
-122.848018	45.264583
-122.840391	45.265463
-122.833351	45.267516
-122.827484	45.270156
-122.821323	45.272796
-122.815456	45.275437
-122.809589	45.278957
-122.803722	45.281304
-122.799028	45.284237
-122.792868	45.286877
-122.785827	45.289518
-122.77996	45.292158
-122.77116	45.293918
-122.764412	45.295971
-122.757372	45.297145
-122.750625	45.299198
-122.742704	45.300372
-122.735077	45.301545
-122.727156	45.302719
-122.719529	45.304185
-122.710435	45.303892
-122.700754	45.304479
-122.692247	45.304479
-122.683447	45.305065
-122.673473	45.305359
-122.664965	45.305359
-122.657045	45.306532
-122.651178	45.309172
-122.647071	45.312986
-122.643844	45.31768
-122.64091	45.322667
-122.639737	45.328827
-122.638563	45.334988
-122.63563	45.339681
-122.631523	45.343495
-122.627416	45.347895
-122.622429	45.351122
-122.617442	45.354936
-122.613335	45.358749
-122.607468	45.361683
-122.603361	45.365203
-122.598374	45.368723
-122.59456	45.372537
-122.59016	45.376644
-122.5884	45.381924
-122.588106	45.388378
-122.587813	45.395125
-122.589573	45.400699
-122.593387	45.404806
-122.596907	45.408913
-122.601601	45.41302
-122.606294	45.41654
-122.610988	45.419474
-122.615975	45.422994
-122.620669	45.426514
-122.624482	45.430621
-122.628296	45.434728
-122.630936	45.439715
-122.632696	45.445289
-122.633283	45.451449
-122.63211	45.45761
-122.631229	45.464357
-122.629763	45.469637
-122.628589	45.476678
-122.628296	45.482252
-122.627123	45.488412
-122.628003	45.494572
-122.628883	45.500439
-122.629469	45.506013
-122.63211	45.511587
-122.634163	45.517161
-122.636803	45.522148
-122.640617	45.526255
-122.643257	45.531242
-122.647071	45.535349
-122.650884	45.539456
-122.655578	45.543563
-122.659098	45.547083
-122.664965	45.550603
-122.669659	45.553537
-122.675526	45.55647
-122.681393	45.55911
-122.68726	45.562044
-122.692834	45.565564
-122.699581	45.568204
-122.705155	45.570551
-122.711022	45.572898
-122.716889	45.575538
-122.722756	45.578472
-122.72833	45.581405
-122.734197	45.584045
-122.738891	45.587566
-122.743584	45.591086
-122.747398	45.595193
-122.750331	45.60018
-122.752972	45.604874
-122.754732	45.611034
-122.755612	45.617488
-122.756492	45.623648
-122.755025	45.630689
-122.751798	45.635969
-122.748865	45.640076
-122.745931	45.64389
-122.740944	45.647117
-122.737717	45.652104
-122.734784	45.657091
-122.732437	45.660904
nan nan
-122.003744	48.52903
-122.006385	48.524337
-122.011665	48.520816
-122.018706	48.519056
-122.028973	48.519056
-122.036013	48.521403
-122.044227	48.523163
-122.050974	48.525217
-122.061535	48.526977
-122.069456	48.527857
-122.07855	48.526683
-122.085884	48.525217
-122.094098	48.523456
-122.100258	48.521403
-122.108472	48.52023
-122.116979	48.518763
-122.124313	48.517296
-122.13018	48.514362
-122.136634	48.511136
-122.141621	48.508202
-122.148075	48.505855
-122.157169	48.506735
-122.163036	48.509375
-122.17125	48.511136
-122.178584	48.509082
-122.184744	48.505855
-122.188851	48.502628
-122.194131	48.499108
-122.201465	48.497348
-122.208506	48.495294
-122.217013	48.494121
-122.225227	48.492654
-122.232561	48.490894
-122.240481	48.489721
-122.247815	48.488254
-122.256029	48.486494
-122.263363	48.48444
-122.269524	48.482387
-122.276564	48.48004
-122.281844	48.477106
-122.287125	48.47388
-122.292405	48.470653
-122.297686	48.466252
-122.302966	48.463025
-122.307953	48.460679
-122.314407	48.457745
-122.321741	48.455398
-122.328781	48.453345
-122.336115	48.451291
-122.343449	48.449531
-122.350489	48.447478
-122.354596	48.443371
-122.35313	48.43721
-122.348142	48.434277
-122.341102	48.43193
-122.336995	48.427823
-122.340222	48.422249
-122.344329	48.419022
-122.346969	48.413449
-122.347262	48.406701
-122.349316	48.401128
-122.353716	48.396434
-122.357823	48.392914
-122.364277	48.390274
-122.371317	48.38822
-122.378651	48.38558
-122.381585	48.381766
-122.385985	48.377073
-122.390386	48.372672
-122.395666	48.369445
-122.400946	48.366219
-122.405933	48.363285
-122.414147	48.362112
-122.423241	48.362992
-122.431455	48.364458
-122.439376	48.366805
-122.445536	48.370325
-122.45023	48.372966
-122.45639	48.376193
-122.463431	48.378246
-122.471645	48.379713
-122.480445	48.380593
-122.488953	48.379419
-122.495113	48.376193
-122.495993	48.375313
-122.499513	48.367685
nan nan
-122.000224	43.27564
-122.004918	43.278867
-122.010492	43.2818
-122.016065	43.28532
-122.021639	43.288254
-122.026039	43.291188
-122.031613	43.294708
-122.036013	43.297641
-122.041587	43.301162
-122.046281	43.303802
-122.051855	43.306735
-122.057428	43.309376
-122.063882	43.312602
-122.069456	43.314363
-122.077083	43.316709
-122.083537	43.31847
-122.092044	43.319056
-122.101431	43.31935
-122.109939	43.31935
-122.117566	43.31847
-122.126073	43.317883
-122.13458	43.317589
-122.143088	43.316123
-122.150422	43.315536
-122.159222	43.315243
-122.16861	43.315243
-122.177997	43.315536
-122.185624	43.317296
-122.192958	43.31847
-122.198532	43.321403
-122.204105	43.324337
-122.210559	43.32727
-122.216133	43.329324
-122.22288	43.332257
-122.228454	43.334311
-122.234614	43.336657
-122.242242	43.339004
-122.246935	43.340764
-122.254562	43.342525
-122.261896	43.343991
-122.271284	43.344285
-122.278911	43.343698
-122.287418	43.341645
-122.294165	43.339884
-122.300032	43.338124
-122.305899	43.335191
-122.311473	43.332844
-122.31646	43.329324
-122.322327	43.326097
-122.327021	43.32287
-122.332008	43.32023
-122.336702	43.317003
-122.342569	43.313482
-122.347262	43.310842
-122.352249	43.307615
-122.356943	43.304095
-122.36281	43.301748
-122.368677	43.299108
-122.374251	43.296468
-122.380118	43.293828
-122.385692	43.291188
-122.390679	43.287667
-122.396253	43.28532
-122.403	43.28268
-122.409747	43.28092
-122.416494	43.278867
-122.424121	43.27828
-122.432629	43.278573
-122.441136	43.279453
-122.44935	43.280333
-122.454923	43.282974
-122.459617	43.286787
-122.462257	43.291481
-122.465778	43.296175
-122.468711	43.300282
-122.473111	43.303802
-122.479859	43.306149
-122.488073	43.307029
-122.49746	43.307029
-122.505967	43.306442
-122.514768	43.306149
-122.522102	43.304682
-122.530902	43.303508
-122.537356	43.302335
-122.544983	43.301162
-122.55261	43.299108
-122.559064	43.297935
-122.566985	43.296175
-122.573732	43.294708
-122.581066	43.293534
-122.589866	43.293534
-122.59808	43.293241
-122.606588	43.292654
-122.615975	43.292361
-122.624776	43.292361
-122.63299	43.292948
-122.640617	43.294708
-122.647951	43.296175
-122.654698	43.298228
-122.661152	43.301162
-122.666725	43.303215
-122.673473	43.305562
-122.678753	43.308789
-122.683447	43.312016
-122.68814	43.315243
-122.69166	43.31935
-122.695181	43.32375
-122.698114	43.328444
-122.700461	43.333431
-122.703395	43.338124
-122.706915	43.342231
-122.711609	43.345751
-122.717182	43.348685
-122.723636	43.350739
-122.73097	43.352205
-122.740651	43.353085
-122.747104	43.351032
-122.753852	43.349272
-122.760599	43.347218
-122.766466	43.344578
-122.772333	43.341938
-122.778787	43.339591
-122.78436	43.337538
-122.790228	43.334604
-122.796095	43.332257
-122.801962	43.329324
-122.808416	43.327564
-122.815163	43.32551
-122.82191	43.323163
-122.828657	43.32199
-122.834231	43.319056
-122.840978	43.317296
-122.847432	43.315243
-122.854179	43.313189
-122.860926	43.311429
-122.86738	43.309376
-122.87618	43.308202
-122.884688	43.308202
-122.894075	43.308495
-122.901702	43.309962
-122.909916	43.312309
-122.916663	43.313482
-122.924291	43.315243
-122.930451	43.318176
-122.936025	43.319936
-122.942772	43.323163
-122.948346	43.324923
-122.955093	43.32727
-122.961253	43.32991
-122.968	43.332257
-122.974454	43.333724
-122.982081	43.335191
-122.989415	43.336657
-122.998803	43.336951
-123.006723	43.335484
-123.014937	43.334311
-123.021684	43.333137
-123.028431	43.331084
-123.034885	43.328737
-123.040752	43.32639
-123.047499	43.32375
-123.053366	43.32111
-123.05894	43.319056
-123.064807	43.317296
-123.071261	43.315243
-123.078888	43.313189
-123.085635	43.312309
-123.094143	43.311722
-123.10177	43.310256
-123.110277	43.309669
-123.119665	43.309962
-123.129052	43.309962
-123.137559	43.310842
-123.144893	43.312309
-123.154574	43.313776
-123.161027	43.314656
-123.168655	43.316123
-123.176869	43.317003
-123.184496	43.31847
-123.194177	43.31847
-123.201804	43.317296
-123.207084	43.314363
-123.212951	43.311136
-123.217645	43.308495
-123.223512	43.305855
-123.229379	43.303802
-123.236126	43.301455
-123.24434	43.300868
-123.249914	43.302922
-123.254021	43.307029
-123.256368	43.311722
-123.260181	43.315829
-123.262821	43.320816
-123.269569	43.32287
-123.275142	43.32023
-123.280716	43.317589
-123.285703	43.314069
-123.291277	43.311722
-123.297144	43.308789
-123.302718	43.306442
-123.310638	43.303508
-123.316212	43.301748
-123.322666	43.299695
-123.330586	43.297641
-123.337333	43.296468
-123.343787	43.294414
-123.351414	43.293241
-123.358162	43.291481
-123.366669	43.290894
-123.374296	43.289427
-123.38163	43.287374
-123.388377	43.287081
-123.393951	43.284147
-123.400698	43.282094
-123.407152	43.280333
-123.415072	43.278867
-123.422406	43.277693
-123.430914	43.278573
-123.435607	43.2818
-123.439127	43.286201
-123.441181	43.291774
-123.442648	43.297055
-123.442648	43.303802
-123.443234	43.309962
-123.441474	43.316123
-123.442354	43.322283
-123.441181	43.328444
-123.441181	43.335191
-123.442061	43.341351
-123.442354	43.347512
-123.443234	43.353672
-123.445288	43.359246
-123.447635	43.363939
-123.451742	43.368926
-123.457315	43.37098
-123.464649	43.372447
-123.470223	43.37538
-123.475797	43.37802
-123.481664	43.381247
-123.486064	43.384181
-123.492811	43.386821
-123.497505	43.389755
-123.503079	43.392688
-123.507772	43.396208
-123.513346	43.398849
-123.51892	43.402369
-123.523614	43.405889
-123.526254	43.409996
-123.530947	43.413223
-123.536521	43.417037
-123.546202	43.417037
-123.554416	43.41645
-123.562923	43.41733
-123.56791	43.420557
-123.570257	43.426131
-123.568203	43.430824
-123.565563	43.436398
-123.56263	43.441092
-123.558523	43.445785
-123.554709	43.449892
-123.552069	43.453999
-123.547962	43.458106
-123.542975	43.46192
-123.539161	43.465147
-123.535641	43.469547
-123.530654	43.472774
-123.52596	43.476001
-123.520973	43.478934
-123.51452	43.480694
-123.507772	43.482748
-123.500145	43.484215
-123.491638	43.484801
-123.484011	43.485975
-123.478437	43.489202
-123.477264	43.494776
-123.47961	43.499469
-123.484304	43.503576
-123.488411	43.507096
-123.493985	43.510617
-123.498678	43.513257
-123.504252	43.51619
-123.510413	43.518244
-123.51628	43.521177
-123.522733	43.523818
-123.528601	43.526751
-123.535054	43.528805
-123.541801	43.531151
-123.547082	43.533792
-123.552949	43.536725
-123.557643	43.539952
-123.555589	43.546113
-123.548842	43.548166
-123.540335	43.548753
-123.531827	43.548166
-123.526254	43.545232
-123.52068	43.542299
-123.513933	43.539365
-123.506306	43.537605
-123.498972	43.538192
-123.492225	43.540539
-123.489291	43.544646
-123.491051	43.550219
-123.493985	43.554913
-123.498385	43.558727
-123.505132	43.561367
-123.510413	43.56342
-123.51452	43.567527
-123.513346	43.573688
-123.509533	43.577795
-123.503665	43.580142
-123.498972	43.583955
-123.499852	43.590116
-123.506306	43.592756
-123.511879	43.595689
-123.518333	43.597743
-123.52596	43.59921
-123.535641	43.59921
-123.542975	43.597743
-123.548842	43.595396
-123.555589	43.593343
-123.562923	43.591876
-123.572604	43.592169
-123.581111	43.592756
-123.586685	43.595103
-123.593432	43.597743
-123.598126	43.600676
-123.596072	43.60625
-123.591085	43.609477
-123.585511	43.612704
-123.579644	43.614757
-123.573777	43.617398
-123.568203	43.620918
-123.56439	43.624145
-123.561456	43.628838
-123.562336	43.635586
-123.564976	43.639693
-123.561456	43.634999
-123.563803	43.639106
-123.568497	43.642626
-123.575244	43.645266
-123.581991	43.647026
-123.589325	43.6482
-123.596952	43.649667
-123.605459	43.64908
-123.61602	43.648493
-123.622474	43.6482
-123.630981	43.64732
-123.639782	43.6482
-123.645356	43.65084
-123.647116	43.655827
-123.646236	43.661988
-123.643009	43.666681
-123.641249	43.671962
-123.640075	43.678122
-123.642715	43.683696
-123.647409	43.686336
-123.65533	43.685163
-123.660023	43.681642
-123.664717	43.679295
-123.669411	43.675775
-123.675278	43.672548
-123.681145	43.669615
-123.687892	43.667855
-123.694346	43.665801
-123.701093	43.664334
-123.71048	43.663748
-123.718401	43.663454
-123.725735	43.661988
-123.735415	43.661401
-123.743923	43.661401
-123.75419	43.661694
-123.760937	43.663161
-123.766511	43.665801
-123.771205	43.669028
-123.775898	43.672842
-123.782645	43.674602
-123.789099	43.672842
-123.793793	43.669321
-123.79702	43.664628
-123.802887	43.661401
-123.807581	43.658174
-123.813448	43.65436
-123.819021	43.652013
-123.824595	43.64996
-123.832222	43.648493
-123.84073	43.648493
-123.84953	43.649373
-123.857744	43.650253
-123.864491	43.652307
-123.871238	43.654947
-123.876812	43.657294
-123.882386	43.660521
-123.88708	43.663454
-123.892653	43.666094
-123.89764	43.669615
-123.902334	43.673135
-123.907028	43.675775
-123.912601	43.678709
-123.918175	43.682229
-123.922869	43.684869
-123.928443	43.687803
-123.93431	43.690443
-123.93959	43.693963
-123.945164	43.696603
-123.951031	43.69895
-123.957778	43.70071
-123.964232	43.703057
-123.970979	43.705111
-123.979486	43.705697
-123.987994	43.707164
-123.997381	43.707164
-124.007062	43.707457
-124.015569	43.708044
-124.024956	43.708338
-124.033757	43.708338
-124.041971	43.708924
-124.048718	43.710978
-124.055172	43.713325
-124.061919	43.717138
nan nan
-122.008145	46.513099
-122.016065	46.511925
-122.023106	46.509872
-122.031906	46.508112
-122.03924	46.506938
-122.045987	46.503711
-122.050974	46.501658
-122.057135	46.499311
-122.063295	46.495791
-122.068282	46.492564
-122.072389	46.488457
-122.07679	46.484937
-122.081777	46.48171
-122.087057	46.47819
-122.093804	46.47643
-122.102898	46.476136
-122.111699	46.475549
-122.120499	46.474963
-122.130474	46.475256
-122.139568	46.476136
-122.148368	46.477016
-122.155995	46.478483
-122.163036	46.481417
-122.165969	46.485524
-122.170663	46.48963
-122.174477	46.493444
-122.182104	46.495498
-122.189144	46.493737
-122.195305	46.490217
-122.200292	46.48787
-122.204399	46.48347
-122.210559	46.480243
-122.215546	46.477016
-122.222587	46.474963
-122.230507	46.475843
-122.239308	46.476723
-122.248402	46.477603
-122.256029	46.47907
-122.261896	46.482003
-122.267763	46.485524
-122.272457	46.489044
-122.277151	46.492857
-122.282138	46.495498
-122.287711	46.499311
-122.293872	46.501951
-122.299739	46.504298
-122.305313	46.507818
-122.3103	46.510459
-122.314993	46.514272
-122.320861	46.516912
-122.325554	46.520433
-122.330541	46.523953
-122.336408	46.527473
-122.342275	46.530407
-122.346969	46.53334
-122.354596	46.534807
-122.36281	46.535687
-122.371611	46.536274
-122.380411	46.537154
-122.387159	46.540381
-122.392146	46.543021
-122.398893	46.545368
-122.405933	46.548008
-122.41268	46.550355
-122.419428	46.551528
-122.426468	46.553875
-122.433215	46.556222
-122.439962	46.558275
-122.447003	46.560622
-122.45375	46.562676
-122.460497	46.565023
-122.467538	46.567076
-122.475165	46.569423
-122.481032	46.57177
-122.488073	46.57441
-122.49394	46.576757
-122.50274	46.57793
-122.511541	46.577637
-122.518581	46.575583
-122.524742	46.572943
-122.530902	46.570303
-122.535889	46.567076
-122.54205	46.564436
-122.547037	46.561209
-122.551144	46.556809
-122.555251	46.552995
-122.557598	46.547421
-122.559651	46.541261
-122.561998	46.535687
-122.564931	46.530993
-122.569918	46.527767
-122.576079	46.525126
-122.583119	46.523073
-122.59192	46.522486
-122.600721	46.521313
-122.608935	46.520726
-122.617735	46.520139
-122.625949	46.519259
-122.63475	46.517793
-122.64267	46.517206
-122.651764	46.516619
-122.660565	46.516326
-122.668485	46.514859
-122.676406	46.514566
-122.683447	46.512512
-122.690487	46.509872
-122.697528	46.508112
-122.702515	46.505178
-122.708675	46.502538
-122.713662	46.499311
-122.719822	46.495791
-122.72481	46.493444
-122.729797	46.489924
-122.735077	46.486697
-122.741824	46.483763
-122.746811	46.481417
-122.752972	46.478483
-122.760012	46.476723
-122.767933	46.474083
-122.774973	46.472029
-122.78084	46.470856
-122.788761	46.467922
-122.795801	46.467042
-122.802842	46.464989
-122.809589	46.462935
-122.816923	46.461175
-122.82279	46.458242
-122.82895	46.456481
-122.836871	46.453841
-122.842738	46.451201
-122.848898	46.448561
-122.855059	46.446801
-122.861806	46.443867
-122.867086	46.441227
-122.872953	46.438587
-122.878821	46.43536
-122.884101	46.432426
-122.889968	46.429199
-122.894075	46.425973
-122.899062	46.422452
-122.903462	46.419225
-122.908449	46.415118
-122.912556	46.411598
-122.91637	46.407491
-122.918717	46.402211
-122.917837	46.395757
-122.916957	46.389303
-122.91637	46.382849
-122.91549	46.376689
-122.91461	46.370529
-122.91285	46.364955
-122.91109	46.359381
-122.909036	46.353807
-122.909329	46.347647
-122.909623	46.3409
-122.908156	46.335326
-122.907276	46.329166
-122.906396	46.323005
-122.904342	46.317431
-122.902876	46.311858
-122.903169	46.305111
-122.901116	46.299537
-122.900235	46.293376
-122.899355	46.286923
-122.898769	46.280762
-122.894955	46.276068
-122.892315	46.271962
-122.889381	46.266975
-122.889381	46.259934
-122.891728	46.254654
-122.893782	46.24908
-122.896128	46.243506
-122.899062	46.238226
-122.901409	46.232652
-122.903462	46.227078
-122.903756	46.220625
-122.901996	46.215051
-122.899942	46.209477
-122.899062	46.203317
-122.898475	46.196863
-122.899649	46.190702
-122.902876	46.185422
-122.905809	46.181315
-122.908743	46.176621
-122.91197	46.171928
-122.911383	46.164887
-122.909329	46.1599
-122.906689	46.155206
-122.902876	46.1511
-122.899942	46.146112
-122.897302	46.141419
-122.893488	46.137312
-122.891728	46.131738
-122.890848	46.126164
-122.891141	46.119417
-122.893195	46.113844
-122.895248	46.10827
-122.899355	46.104456
-122.902582	46.099469
-122.903756	46.098296
nan nan
-122.137514	42.86289
-122.13194	42.859957
-122.12754	42.85673
-122.121966	42.853503
-122.117273	42.850276
-122.111699	42.847342
-122.107299	42.843822
-122.101725	42.840889
-122.096444	42.837955
-122.091751	42.833848
-122.086177	42.831208
-122.081777	42.827394
-122.075323	42.823874
-122.071803	42.821234
-122.067989	42.816834
-122.063589	42.812727
-122.060949	42.80862
-122.058308	42.803046
-122.055962	42.798352
-122.054201	42.793659
-122.050681	42.788671
-122.046868	42.783978
-122.043347	42.779578
-122.039827	42.776644
-122.035133	42.773417
-122.029853	42.77019
-122.024279	42.76843
-122.018706	42.765203
-122.013425	42.762563
-122.007851	42.759629
-122.002278	42.756989
nan nan
-122.309126	43.104027
-122.31294	43.09904
-122.316167	43.09464
-122.317927	43.089653
-122.320274	43.084373
-122.323207	43.079679
-122.325261	43.074399
-122.328194	43.068825
-122.329368	43.063251
-122.331715	43.057971
-122.334648	43.05269
-122.336702	43.04653
-122.338755	43.041836
-122.340809	43.036263
-122.343155	43.030982
-122.344916	43.026289
-122.347262	43.020715
-122.351076	43.015434
-122.354303	43.010741
-122.357236	43.006047
-122.359877	43.00194
-122.364277	42.998127
-122.366917	42.991966
-122.369264	42.987859
-122.372198	42.983165
-122.375131	42.978472
-122.377185	42.972311
-122.380411	42.967618
-122.384225	42.962924
-122.387159	42.958817
-122.390092	42.95471
-122.393906	42.950896
-122.397719	42.94679
-122.401533	42.943269
-122.40564	42.940042
-122.410627	42.936815
-122.415321	42.932708
-122.420014	42.929482
-122.423828	42.926255
-122.428815	42.922734
-122.433509	42.918921
-122.437616	42.914814
-122.442603	42.910707
-122.446416	42.906893
-122.45023	42.902786
-122.453457	42.898093
-122.45727	42.894279
-122.460204	42.889879
-122.463137	42.885185
-122.466071	42.879025
-122.468124	42.874331
-122.471058	42.869637
-122.471351	42.863477
-122.472525	42.85761
-122.471938	42.851449
-122.473111	42.845289
-122.473405	42.838248
-122.472525	42.832088
-122.470765	42.826221
-122.471058	42.82006
-122.470178	42.8139
-122.468711	42.808326
-122.469885	42.801579
-122.471058	42.794832
-122.472231	42.789552
-122.473405	42.783098
-122.475458	42.777817
-122.477512	42.772244
-122.479859	42.766963
-122.481619	42.76139
-122.483672	42.756109
-122.486606	42.751415
-122.490419	42.747602
-122.494526	42.743202
-122.49834	42.739388
-122.502154	42.735281
-122.507141	42.732054
-122.511834	42.728534
-122.517408	42.725307
-122.522395	42.722667
-122.529142	42.720027
-122.534716	42.717973
-122.542343	42.715626
-122.54997	42.712986
-122.553491	42.711813
-122.560238	42.709759
-122.566985	42.707119
-122.573732	42.705359
-122.580186	42.702719
-122.584879	42.700959
-122.591627	42.698905
-122.598374	42.696852
-122.604828	42.695091
-122.611281	42.692158
-122.618029	42.690984
-122.623896	42.688638
-122.630349	42.686584
-122.636216	42.683944
-122.64267	42.681304
-122.648244	42.679544
-122.654991	42.67661
-122.660858	42.67485
-122.666432	42.67221
-122.673179	42.670156
-122.681393	42.669863
-122.69078	42.669863
-122.698408	42.67133
-122.705741	42.672797
-122.715129	42.67309
-122.722463	42.671916
-122.72921	42.669863
-122.735957	42.668103
-122.741531	42.665169
-122.747104	42.662822
-122.752678	42.660769
-122.758545	42.658129
-122.764119	42.654609
-122.769106	42.651382
-122.7738	42.648155
-122.778493	42.644634
-122.7826	42.641408
-122.787294	42.638181
-122.791108	42.634074
-122.794921	42.629967
-122.799028	42.626153
-122.801962	42.621459
-122.804602	42.615886
-122.806949	42.610605
-122.809002	42.605032
-122.809882	42.599751
-122.811936	42.593591
-122.813109	42.58743
-122.813403	42.58127
-122.814576	42.575403
-122.814576	42.568362
-122.815749	42.562202
-122.816923	42.556041
-122.818976	42.550761
-122.819856	42.544601
-122.822203	42.539027
-122.824257	42.533747
-122.826017	42.528466
-122.829244	42.522306
-122.831004	42.518199
-122.833351	42.512332
-122.834524	42.506758
-122.836284	42.501478
nan nan
-123.477264	42.505584
-123.479024	42.510278
-123.480784	42.515852
-123.481664	42.521426
-123.484304	42.526119
-123.486944	42.530813
-123.490464	42.53492
-123.494571	42.539027
-123.498972	42.543427
-123.503665	42.546654
-123.509239	42.549001
-123.515693	42.551054
-123.523027	42.552521
-123.529481	42.554575
-123.536814	42.556041
-123.543268	42.558095
-123.550895	42.559855
-123.558229	42.562495
-123.563803	42.564549
-123.570257	42.566602
-123.575831	42.569536
-123.579351	42.573643
-123.580231	42.579803
-123.579058	42.585964
-123.576417	42.590657
-123.57319	42.595351
-123.575244	42.600925
-123.578764	42.605032
-123.582578	42.609725
-123.585218	42.613832
-123.588151	42.618526
-123.590498	42.62322
-123.592552	42.628793
-123.590498	42.634367
-123.586685	42.639061
-123.583751	42.643754
-123.581698	42.649035
-123.579644	42.654609
-123.582578	42.659302
-123.589032	42.662236
-123.596365	42.663703
-123.603993	42.665169
-123.611326	42.665756
-123.619834	42.666636
-123.628048	42.667516
-123.636262	42.668396
-123.645942	42.668396
-123.65533	42.668396
-123.663544	42.667223
-123.669117	42.664583
-123.674984	42.662529
-123.680558	42.659596
-123.687305	42.657835
-123.696693	42.658129
-123.704907	42.659302
-123.71048	42.661356
-123.716054	42.664289
-123.721628	42.667809
-123.725148	42.671036
-123.728082	42.67573
-123.728962	42.682771
-123.728668	42.688931
-123.731308	42.694505
-123.734242	42.699198
-123.738936	42.702719
-123.743336	42.706239
-123.74891	42.708879
-123.754483	42.712399
-123.760057	42.713866
-123.768564	42.714453
-123.777072	42.715333
-123.785286	42.714746
-123.793793	42.714159
-123.8023	42.712693
-123.810514	42.712693
-123.818141	42.714453
-123.825475	42.71592
-123.831049	42.71856
-123.836623	42.72208
-123.841316	42.72472
-123.849824	42.7256
-123.858038	42.727067
-123.865665	42.725014
-123.872119	42.72296
-123.877692	42.7212
-123.883559	42.718266
-123.887373	42.714159
-123.892947	42.710933
-123.89852	42.708879
-123.905268	42.706239
-123.911721	42.705065
-123.920229	42.704185
-123.927856	42.703012
-123.93431	42.701252
-123.939297	42.697438
-123.941057	42.692158
-123.939297	42.686584
-123.941057	42.680424
-123.94487	42.677197
-123.951618	42.674557
-123.958071	42.672503
-123.963938	42.67045
-123.970392	42.66869
-123.977726	42.667223
-123.985353	42.664583
-123.991807	42.663409
-123.998554	42.661356
-124.005008	42.658715
-124.012635	42.657249
-124.019089	42.655195
-124.024663	42.653435
-124.03053	42.650502
-124.035224	42.647275
-124.039917	42.643754
-124.043731	42.639647
-124.046664	42.634954
-124.047544	42.628793
-124.048718	42.623513
-124.048718	42.616766
-124.047838	42.610605
-124.046078	42.604445
-124.043438	42.599458
-124.042557	42.593297
-124.042557	42.58655
-124.043731	42.580683
-124.045491	42.575696
-124.047544	42.570416
-124.050185	42.565429
-124.053412	42.560735
-124.058105	42.556628
-124.063679	42.554868
-124.071013	42.553401
-124.07952	42.554868
-124.087734	42.555455
-124.096241	42.555455
-124.103575	42.554575
-124.111202	42.553108
-124.117656	42.550174
-124.12323	42.547828
-124.127924	42.544307
-124.132911	42.5402
-124.136724	42.536973
-124.140538	42.532866
-124.144938	42.528466
-124.148752	42.525239
-124.152859	42.521426
-124.157552	42.517905
-124.162246	42.514385
-124.16694	42.511158
-124.172513	42.507638
-124.178087	42.504998
-124.183661	42.502944
-124.190408	42.501771
nan nan
-124.214463	42.501184
-124.22121	42.502358
-124.228251	42.503824
-124.234998	42.506171
-124.242625	42.507931
-124.248786	42.509398
-124.256413	42.511158
-124.263747	42.512625
-124.271374	42.513798
-124.280468	42.513798
-124.288095	42.512038
-124.291909	42.508225
-124.294842	42.503531
nan nan
-122.002278	44.338756
-122.005211	44.334062
-122.011078	44.330249
-122.015185	44.326142
-122.018412	44.322328
-122.022226	44.317928
-122.026333	44.314114
-122.030146	44.310007
-122.033373	44.305314
-122.036307	44.30062
-122.039534	44.295926
-122.042467	44.291233
-122.044814	44.285952
-122.044227	44.279792
-122.041294	44.274218
-122.038654	44.270111
-122.036893	44.264537
-122.036307	44.258377
-122.039534	44.253683
-122.043347	44.249576
-122.047454	44.245469
-122.050681	44.240776
-122.048921	44.235202
-122.045401	44.231095
-122.040414	44.227575
-122.03572	44.223761
-122.033373	44.219948
-122.03044	44.214961
-122.031613	44.2088
-122.035133	44.204106
-122.039827	44.200293
-122.044814	44.197359
-122.052441	44.196479
-122.059188	44.194426
-122.066816	44.193252
-122.075616	44.192666
-122.083243	44.192079
-122.091164	44.191199
-122.099671	44.190612
-122.108472	44.189439
-122.116979	44.187972
-122.123726	44.187679
-122.132234	44.187092
-122.139861	44.185918
-122.148661	44.184158
-122.157169	44.183572
-122.164209	44.182105
-122.171543	44.181225
-122.179464	44.180051
-122.187091	44.178878
-122.194718	44.177411
-122.202639	44.176531
-122.210266	44.175358
-122.217893	44.173891
-122.22552	44.172718
-122.233441	44.171251
-122.241068	44.170371
-122.248695	44.169197
-122.255442	44.16773
-122.265123	44.166557
-122.270697	44.165677
-122.279498	44.16509
-122.287125	44.163624
-122.295045	44.16245
-122.302379	44.161277
-122.3103	44.160103
-122.317927	44.15893
-122.324674	44.156876
-122.332595	44.155116
-122.338462	44.153063
-122.344036	44.150423
-122.349903	44.147782
-122.354596	44.144849
-122.359583	44.141329
-122.364864	44.138102
-122.369851	44.134581
-122.374544	44.131355
-122.379531	44.127248
-122.384518	44.124021
-122.389212	44.1205
-122.394199	44.117274
-122.400066	44.114633
-122.406813	44.112873
-122.413267	44.11082
-122.422948	44.1117
-122.431748	44.11346
-122.438202	44.114633
-122.443776	44.117567
-122.44935	44.1205
-122.454043	44.124021
-122.459617	44.127541
-122.463431	44.131061
-122.469004	44.133995
-122.472818	44.137222
-122.478392	44.140155
-122.485139	44.142209
-122.493646	44.143089
-122.502154	44.143969
-122.510661	44.143675
-122.520342	44.144555
-122.528849	44.144555
-122.536476	44.146022
-122.54381	44.147489
-122.550557	44.150423
-122.556424	44.152476
-122.561998	44.15541
-122.568745	44.158343
-122.574905	44.160983
-122.581653	44.16245
-122.591333	44.162743
-122.59808	44.160397
-122.603067	44.157463
-122.606001	44.152769
-122.608935	44.148076
-122.613922	44.142795
-122.616855	44.139275
-122.620962	44.135168
-122.625949	44.131941
-122.631523	44.129301
-122.63651	44.126074
-122.643257	44.123434
-122.649124	44.12138
-122.655871	44.119034
-122.661738	44.1161
-122.667605	44.114047
-122.673473	44.1117
-122.679926	44.109646
-122.685793	44.107006
-122.692834	44.104366
-122.699581	44.101726
-122.705155	44.099672
-122.711902	44.097325
-122.716889	44.095272
-122.723636	44.093218
-122.730383	44.091458
-122.73713	44.089405
-122.743878	44.088231
-122.750625	44.086178
-122.758252	44.084418
-122.764119	44.082364
-122.77204	44.080604
-122.778493	44.078551
-122.785241	44.077084
-122.793748	44.075324
-122.799615	44.07415
-122.807535	44.072684
-122.814869	44.071804
-122.82367	44.06975
-122.830417	44.068283
-122.837164	44.06711
-122.844791	44.065937
-122.852419	44.064763
-122.861806	44.064176
-122.869727	44.06359
-122.878234	44.062416
-122.886154	44.06183
-122.895542	44.06183
-122.904049	44.06271
-122.912556	44.064176
-122.920184	44.065937
-122.927811	44.06711
-122.934558	44.069457
-122.939252	44.072684
-122.941892	44.077671
-122.942478	44.083831
-122.943359	44.089992
-122.946879	44.094099
-122.953626	44.096445
-122.962133	44.095859
-122.969174	44.093218
-122.975041	44.091165
-122.983255	44.092045
-122.991175	44.093512
-122.995576	44.097032
-122.999389	44.101139
-123.002323	44.106126
-123.00379	44.111406
-123.008483	44.114927
-123.01347	44.118447
-123.018751	44.121967
-123.025498	44.124021
-123.033125	44.124901
-123.041632	44.125781
-123.05014	44.126661
-123.05894	44.127248
-123.066274	44.129301
-123.073021	44.131648
-123.078595	44.134581
-123.083289	44.138102
-123.087982	44.141329
-123.092676	44.145142
-123.09737	44.149249
-123.10001	44.153356
-123.103823	44.157463
-123.106757	44.159517
nan nan
-122.427642	45.586979
-122.435269	45.584926
-122.443189	45.583165
-122.452283	45.581992
-122.45903	45.579939
-122.466951	45.579352
-122.476632	45.579352
-122.486312	45.579645
-122.494233	45.580525
-122.50186	45.581992
-122.508607	45.584045
-122.515354	45.586392
-122.521222	45.588739
-122.527969	45.590793
-122.533542	45.593726
-122.53941	45.596366
-122.545277	45.5993
-122.55085	45.602233
-122.557891	45.605754
-122.563465	45.607807
-122.569038	45.610741
-122.574905	45.613674
-122.576959	45.614261
nan nan
-123.412432	46.662416
-123.415366	46.66799
-123.414192	46.673564
-123.409205	46.677084
-123.399231	46.677377
-123.395418	46.67327
-123.391311	46.669163
-123.389844	46.66359
-123.38691	46.658896
-123.383977	46.653909
-123.379283	46.650682
-123.373416	46.647455
-123.364029	46.646868
-123.357282	46.648922
-123.351414	46.651269
-123.345254	46.654202
-123.338214	46.656256
-123.331466	46.658016
-123.322372	46.657136
-123.317385	46.653029
-123.312398	46.650389
-123.306531	46.647455
-123.298904	46.645988
-123.29069	46.647162
-123.283943	46.649509
-123.276902	46.651269
-123.270742	46.654789
-123.263995	46.655962
-123.254901	46.655962
-123.248154	46.653616
-123.240233	46.652149
-123.230259	46.651855
-123.220285	46.651855
-123.211484	46.651855
-123.20151	46.651562
-123.192416	46.650975
-123.183616	46.650095
-123.174815	46.649215
-123.167775	46.647162
-123.163081	46.643642
-123.158094	46.640121
-123.154574	46.635721
-123.151347	46.631027
-123.149587	46.62604
-123.145773	46.621933
-123.141959	46.617826
-123.133746	46.61636
-123.126118	46.617826
-123.119078	46.619586
-123.112037	46.62164
-123.104117	46.622813
-123.096196	46.624867
-123.090036	46.626627
-123.088862	46.633081
-123.089742	46.639241
-123.088569	46.645402
-123.085342	46.650095
-123.076248	46.650682
-123.070674	46.647749
-123.064807	46.645108
-123.057767	46.642175
-123.05102	46.640121
-123.043099	46.640415
-123.034885	46.641881
-123.028138	46.643935
-123.021097	46.645695
-123.014057	46.647749
-123.007016	46.649802
-122.999976	46.651562
-122.992935	46.653616
-122.986188	46.655669
-122.980028	46.658896
-122.975041	46.662123
-122.970934	46.665643
-122.96976	46.671804
-122.973574	46.676204
-122.977388	46.680311
-122.980321	46.685005
-122.980028	46.692045
-122.975041	46.696152
-122.96976	46.698499
-122.965947	46.702899
-122.962427	46.707593
-122.963307	46.713753
-122.96624	46.71874
-122.969174	46.723434
-122.972694	46.727541
-122.976801	46.731061
-122.982668	46.733995
-122.988535	46.736635
-122.994402	46.739862
-122.996162	46.745142
-122.992935	46.750129
-122.990002	46.754823
-122.990882	46.76069
-122.994696	46.76509
-122.999389	46.769197
-123.004376	46.772131
-123.00819	46.776531
-123.00995	46.783278
-123.01171	46.787972
-123.014644	46.792666
-123.019337	46.797359
-123.024324	46.799999
-123.030191	46.80264
-123.037232	46.804106
-123.044859	46.805867
-123.05102	46.808507
-123.057767	46.810854
-123.064807	46.813494
-123.070674	46.815841
-123.077421	46.818481
-123.085635	46.819948
-123.093263	46.821708
-123.103237	46.821708
-123.113211	46.822001
-123.121131	46.820534
-123.129052	46.818481
-123.136386	46.817307
-123.143426	46.815254
-123.152227	46.814667
-123.162201	46.814961
-123.169241	46.817014
-123.175989	46.819067
-123.181856	46.822001
-123.188896	46.824054
-123.195643	46.826401
-123.204737	46.827281
-123.214418	46.827281
-123.223512	46.828161
-123.231433	46.830215
-123.23642	46.834029
-123.240233	46.838136
-123.24082	46.844296
-123.2417	46.850163
-123.2417	46.856617
-123.243753	46.862191
-123.246394	46.867764
-123.249034	46.871871
-123.251967	46.877445
-123.254901	46.881552
-123.259008	46.885952
-123.262821	46.890059
-123.268689	46.894166
-123.271329	46.897393
-123.276316	46.901207
-123.280423	46.905314
-123.283063	46.910007
-123.286877	46.914114
-123.28893	46.919688
-123.29069	46.925262
-123.29245	46.930835
-123.29421	46.936409
-123.295971	46.941983
-123.296851	46.948143
-123.298904	46.954304
-123.301544	46.959291
-123.306531	46.962811
-123.311518	46.966038
-123.317092	46.969265
-123.322079	46.971905
-123.32824	46.974839
-123.334107	46.976892
-123.339094	46.980412
-123.344961	46.983053
-123.349654	46.986573
-123.355815	46.990386
-123.360508	46.993027
-123.366669	46.996254
-123.371363	46.99948
-123.379577	47.001534
-123.387204	47.003001
-123.396298	47.003881
-123.405392	47.003001
-123.413312	47.001827
-123.420353	47.000067
-123.4271	46.99772
-123.43326	46.995373
-123.440301	46.99332
-123.449395	46.9942
-123.457315	46.995667
-123.465236	46.9942
-123.471396	46.991266
-123.478437	46.98892
-123.486358	46.988333
-123.496332	46.988333
-123.505132	46.989213
-123.5154	46.989213
-123.525374	46.989506
-123.534174	46.98892
-123.543268	46.98804
-123.551482	46.985986
-123.558229	46.985693
-123.56527	46.983639
-123.57319	46.981586
-123.579351	46.978946
-123.586391	46.976892
-123.593432	46.975132
-123.600472	46.972198
-123.607513	46.970732
-123.615433	46.968972
-123.623354	46.967798
-123.631275	46.966331
-123.640662	46.965745
-123.650343	46.965745
-123.659437	46.966625
-123.668237	46.966625
-123.677331	46.967505
-123.685252	46.966038
-123.692292	46.963691
-123.698453	46.961344
-123.708427	46.960758
-123.716347	46.961638
-123.724268	46.963104
-123.729255	46.968091
-123.733069	46.971318
-123.738936	46.974252
-123.746856	46.975719
-123.753897	46.977772
-123.759764	46.980412
-123.765631	46.983346
-123.771791	46.986279
-123.779419	46.987746
-123.786752	46.985693
-123.7935	46.983639
-123.80054	46.980412
-123.805527	46.978359
-123.808754	46.980412
nan nan
-123.327359	47.712625
-123.3344	47.709691
-123.34056	47.706464
-123.345841	47.702944
-123.350828	47.700304
-123.356108	47.697077
-123.361095	47.693557
-123.367256	47.690037
-123.372536	47.68681
-123.37635	47.68417
-123.38163	47.680649
-123.386617	47.677129
-123.391897	47.673902
-123.396884	47.669795
-123.400991	47.666275
-123.405978	47.663048
-123.411259	47.659821
-123.416246	47.656008
-123.421526	47.652781
-123.426807	47.649554
-123.433847	47.646033
-123.438834	47.642807
-123.442941	47.639286
-123.447928	47.635766
-123.453208	47.632539
-123.458195	47.629312
-123.463476	47.625499
-123.469636	47.622272
-123.474623	47.619632
-123.480784	47.616991
-123.486944	47.614938
-123.494278	47.612298
-123.501025	47.609364
-123.507186	47.607604
-123.51452	47.605551
-123.52244	47.603497
-123.529481	47.601737
-123.534761	47.598803
-123.540921	47.596163
-123.546789	47.59323
-123.552949	47.590883
-123.557936	47.587363
-123.564096	47.584722
-123.570257	47.581496
-123.576417	47.578562
-123.582578	47.576802
-123.588738	47.573868
-123.593725	47.570641
-123.598712	47.566828
-123.604579	47.564481
-123.61074	47.561547
-123.6169	47.558907
-123.624234	47.556854
-123.632155	47.555094
-123.638315	47.55304
-123.646529	47.550987
-123.653276	47.549813
-123.66149	47.549227
-123.669411	47.54776
-123.679385	47.547173
-123.688479	47.545706
-123.696693	47.545413
-123.704613	47.543946
-123.712827	47.542773
-123.721921	47.541306
-123.730135	47.540133
-123.738056	47.538666
-123.744216	47.536612
-123.751257	47.533972
-123.756244	47.531332
-123.761524	47.527812
-123.766511	47.524585
-123.772378	47.521065
-123.777658	47.518424
-123.783819	47.514904
-123.788806	47.512264
-123.794966	47.50933
-123.801127	47.506984
-123.808167	47.50493
-123.815208	47.502877
-123.821368	47.499943
-123.825182	47.496129
-123.828409	47.491142
-123.833689	47.487329
-123.838676	47.484982
-123.844837	47.482635
-123.851584	47.480288
-123.857744	47.477648
-123.863905	47.475008
-123.868892	47.471781
-123.871825	47.466794
-123.875345	47.461807
-123.878279	47.45594
-123.880332	47.45154
-123.884439	47.447433
-123.89148	47.445672
-123.900574	47.444206
-123.909668	47.443619
-123.917882	47.442152
-123.925802	47.440392
-123.931669	47.438339
-123.93783	47.435698
-123.94487	47.433645
-123.953084	47.431591
-123.961005	47.432178
-123.968045	47.434525
-123.975086	47.436578
-123.983007	47.438045
-123.991807	47.436578
-123.997968	47.434818
-124.004128	47.431885
-124.010288	47.429245
-124.016449	47.427191
-124.022316	47.424551
-124.028476	47.421617
-124.033757	47.41839
-124.03757	47.414284
-124.042851	47.410763
-124.047838	47.406656
-124.050771	47.402549
-124.055758	47.398736
-124.058105	47.393749
-124.059865	47.388175
-124.064266	47.383188
-124.069253	47.380548
-124.078053	47.381428
-124.084214	47.384068
-124.089201	47.387882
-124.093014	47.391989
-124.099175	47.394629
-124.107975	47.393749
-124.114136	47.391402
-124.120296	47.388468
-124.126457	47.385828
-124.132324	47.383188
-124.139364	47.381134
-124.146405	47.379081
-124.153739	47.377028
-124.159312	47.374387
-124.1643	47.370867
-124.167526	47.366173
-124.16958	47.3606
-124.172807	47.355906
-124.179847	47.353853
-124.188941	47.354439
-124.198915	47.354733
-124.205956	47.353266
-124.212996	47.351212
-124.220037	47.349159
-124.227957	47.347692
-124.234998	47.350626
-124.241158	47.352679
-124.248199	47.354733
-124.254946	47.357666
-124.256119	47.358253
nan nan
-122.36105	48.39086
-122.35841	48.3847
-122.356356	48.379126
-122.354303	48.374139
-122.35401	48.367685
-122.35313	48.361525
-122.352249	48.355364
-122.352543	48.348617
-122.354596	48.343044
-122.357236	48.33747
-122.36017	48.332776
-122.36369	48.328082
-122.366917	48.323975
-122.371024	48.319869
-122.380411	48.313121
-122.390092	48.306961
