  5.0184000E-02
  4.9944699E-02
  4.9231701E-02
  4.8059199E-02
  4.6450298E-02
  4.4436600E-02
  4.2057399E-02
  3.9358601E-02
  3.6391400E-02
  3.3211201E-02
  2.9875999E-02
  2.6445400E-02
  2.2978600E-02
  1.9533399E-02
  1.6164601E-02
  1.2923000E-02
  9.8545197E-03
  6.9986400E-03
  4.3883701E-03
  2.0494100E-03
  0.0000000E+00
 -1.7492000E-03
 -3.1949100E-03
 -4.3409201E-03
 -5.1975399E-03
 -5.7808999E-03
 -6.1121602E-03
 -6.2165498E-03
 -6.1224601E-03
 -5.8603501E-03
 -5.4617901E-03
 -4.9584401E-03
 -4.3811798E-03
 -3.7592400E-03
 -3.1195199E-03
 -2.4859901E-03
 -1.8792000E-03
 -1.3160700E-03
 -8.0963998E-04
 -3.6912199E-04
  0.0000000E+00
  2.9572699E-04
  5.1919598E-04
  6.7425001E-04
  7.6695101E-04
  8.0505002E-04
  7.9744402E-04
  7.5364602E-04
  6.8327202E-04
  5.9558603E-04
  4.9910799E-04
  4.0128699E-04
  3.0826501E-04
  2.2472801E-04
  1.5384299E-04
  9.7272597E-05
  5.5283199E-05
  2.6901700E-05
  1.0138200E-05
  2.2448201E-06
